257
228
669
590
631
181
impossible
474
220
266
71
310
73
222
197
46
473
287
impossible
60
101
190
120
404
impossible
436
106
impossible
596
579
impossible
615
108
653
355
386
177
119
26
40
497
157
15
147
23
108
126
305
317
662
629
397
621
537
426
168
impossible
125
412
impossible
418
impossible
385
533
402
168
404
154
386
124
516
impossible
277
512
71
244
423
636
657
200
17
impossible
impossible
388
impossible
669
139
168
509
234
82
354
506
93
impossible
510
427
228
114
277
563
680
318
277
308
438
445
78
542
101
684
429
623
impossible
418
308
550
575
603
650
370
37
446
impossible
312
670
80
127
611
681
193
284
451
370
651
422
566
47
181
277
625
684
220
457
59
659
538
457
494
422
599
629
456
523
256
415
123
633
232
628
345
415
649
43
impossible
impossible
491
444
533
673
419
525
195
87
149
570
671
461
25
547
492
314
682
24
249
563
284
636
514
22
605
685
71
463
311
63
110
474
646
600
89
453
178
548
183
504
0
64
53
434
197
impossible
570
468
138
164
61
262
impossible
554
98
457
524
613
593
40
343
97
423
487
619
579
263
510
434
168
445
648
106
296
4
95
657
53
488
407
323
92
19
662
354
403
539
684
342
573
542
230
79
45
37
290
623
impossible
376
208
468
215
95
423
59
53
257
354
45
24
260
50
631
163
impossible
195
379
16
646
517
405
191
488
417
18
473
32
312
impossible
352
impossible
578
596
431
399
154
60
189
392
528
224
644
533
55
286
139
302
483
290
impossible
334
29
236
125
667
155
101
36
155
93
545
631
545
199
426
132
impossible
684
583
328
519
384
368
596
171
487
89
31
446
346
90
488
502
277
669
639
368
601
565
171
245
581
impossible
419
616
416
226
509
388
78
383
191
32
524
186
17
647
168
470
impossible
impossible
impossible
335
112
11
106
688
366
186
369
277
565
639
424
45
355
487
473
340
419
257
256
449
257
51
440
653
26
598
571
impossible
249
186
12
310
169
596
480
397
601
251
45
588
610
259
impossible
415
93
588
474
571
41
538
497
583
554
274
79
528
622
impossible
34
impossible
54
433
234
446
impossible
627
684
683
impossible
378
impossible
648
307
51
679
45
602
323
367
287
106
291
590
615
437
218
614
390
301
273
366
178
512
456
652
90
593
183
485
impossible
482
impossible
397
156
624
impossible
94
262
17
116
31
133
661
51
199
435
414
399
314
214
317
352
320
522
93
213
579
impossible
352
576
648
623
553
90
338
599
388
impossible
459
376
576
649
impossible
150
487
404
537
375
impossible
361
306
impossible
23
256
361
527
546
488
196
605
232
132
366
129
355
367
391
326
53
impossible
298
448
473
297
525
49
impossible
impossible
110
impossible
439
259
602
546
659
587
385
389
290
485
462
315
impossible
84
impossible
134
115
423
372
impossible
265
515
240
537
281
11
331
591
277
650
551
51
385
536
131
647
405
51
50
180
12
596
23
469
642
234
218
592
625
649
13
448
465
85
303
554
274
510
467
546
189
595
398
615
268
420
472
619
653
impossible
664
407
487
637
44
128
474
580
684
86
662
560
227
635
548
223
651
560
166
329
639
18
375
56
426
461
687
impossible
178
111
683
107
122
662
656
impossible
261
352
602
381
402
93
430
171
646
625
183
32
482
555
186
impossible
impossible
325
513
251
impossible
584
66
183
265
117
110
331
impossible
405
428
impossible
549
553
653
332
319
impossible
366
433
514
31
110
405
456
306
342
193
553
impossible
44
556
67
464
610
571
560
386
23
335
171
467
494
impossible
666
2
impossible
347
547
513
457
36
350
115
443
653
233
570
491
impossible
687
546
impossible
369
121
226
36
519
244
222
239
impossible
518
impossible
195
59
608
impossible
262
88
460
669
237
354
572
540
254
159
551
impossible
1
271
650
288
89
impossible
488
662
330
93
14
129
615
74
671
389
364
494
523
352
500
445
431
258
574
242
197
244
impossible
260
123
391
655
74
316
664
93
impossible
482
330
440
impossible
286
431
68
284
7
322
281
487
601
121
impossible
39
110
55
17
285
444
390
666
275
impossible
555
334
22
61
400
impossible
128
654
72
676
113
168
impossible
587
486
78
120
1
283
429
132
553
559
104
556
37
230
214
330
555
402
73
18
495
317
271
681
impossible
impossible
impossible
533
256
59
448
402
468
impossible
3
265
621
107
86
487
265
impossible
471
301
334
282
251
62
369
impossible
390
impossible
208
329
245
405
560
590
498
593
126
423
519
105
281
583
impossible
635
279
485
555
218
522
540
553
555
74
391
249
191
impossible
224
impossible
93
651
222
208
646
303
571
515
508
634
53
444
438
521
587
285
661
impossible
impossible
664
670
589
135
591
105
136
67
impossible
217
331
312
262
244
347
213
228
346
552
380
579
590
253
424
67
473
465
1
456
661
610
450
37
230
286
229
impossible
536
585
157
584
214
14
304
602
64
134
163
537
104
615
662
318
171
475
14
647
570
19
540
502
5
255
0
impossible
impossible
326
520
637
314
428
357
647
480
186
516
78
105
53
625
impossible
impossible
impossible
376
462
334
535
121
285
318
458
impossible
624
90
281
200
3
impossible
571
44
71
625
651
661
685
427
573
404
408
286
354
183
624
535
527
351
126
366
512
7
126
664
575
340
89
154
534
191
309
598
98
601
581
impossible
350
619
impossible
572
302
649
490
149
530
524
470
178
impossible
452
impossible
607
275
431
135
570
487
290
509
238
498
324
584
190
312
190
206
220
606
496
427
227
7
611
461
285
229
54
11
682
impossible
35
334
265
23
444
impossible
392
614
315
625
104
11
667
422
215
323
605
387
682
297
538
354
157
101
134
530
321
653
32
80
375
492
653
141
331
262
67
522
615
483
549
579
527
189
260
318
89
495
357
73
273
128
670
512
11
545
623
673
546
334
impossible
385
346
impossible
380
592
330
488
31
94
305
impossible
139
15
446
106
impossible
387
655
134
37
560
465
22
307
98
283
339
214
512
517
608
467
526
587
impossible
impossible
275
161
342
32
234
459
181
225
504
436
impossible
667
87
669
195
479
67
67
2
225
impossible
191
200
293
226
77
605
32
178
37
44
45
257
631
302
303
592
120
680
545
136
467
583
249
321
183
555
191
397
281
475
547
488
681
197
343
impossible
impossible
560
impossible
482
409
562
684
570
220
290
529
625
335
468
526
271
192
134
impossible
497
534
619
562
150
220
283
477
408
614
impossible
662
534
582
185
580
36
45
331
178
320
424
35
470
336
71
308
8
361
403
372
29
impossible
387
457
392
500
570
409
323
impossible
12
562
637
111
537
impossible
1
156
308
613
480
473
625
189
impossible
125
127
562
504
impossible
220
173
23
impossible
308
406
60
125
71
456
3
40
417
682
475
499
570
626
244
588
422
402
87
impossible
impossible
239
320
26
418
181
443
655
468
impossible
469
687
623
impossible
497
361
569
216
370
168
326
110
689
32
111
212
18
impossible
74
417
588
167
307
482
372
519
602
626
667
384
572
224
impossible
591
46
46
572
582
431
22
472
335
206
24
542
259
93
24
impossible
95
195
256
157
420
642
126
249
536
155
251
554
impossible
222
203
13
628
impossible
280
131
461
485
555
644
317
110
120
180
366
347
impossible
598
366
impossible
451
