302
808
761
500
336
177
16
232
43
10
517
426
501
278
760
1058
362
643
166
1054
60
684
774
892
877
950
591
813
497
873
291
1028
102
962
493
255
71
943
21
324
1005
62
812
548
449
236
impossible
impossible
672
223
283
1018
impossible
526
166
822
54
9
1016
702
497
249
974
34
797
346
33
219
impossible
158
912
462
586
534
impossible
101
437
591
impossible
81
1028
167
528
865
13
19
impossible
1007
79
606
impossible
571
impossible
981
impossible
284
impossible
80
74
897
436
298
291
868
210
impossible
35
627
922
320
97
288
276
917
297
465
620
impossible
879
861
26
561
1009
216
208
310
624
306
898
866
481
174
971
254
502
112
526
150
904
60
702
724
impossible
109
19
505
436
67
238
994
640
29
407
282
62
566
781
283
1027
964
impossible
102
impossible
40
567
448
698
46
770
192
556
287
1015
209
753
175
impossible
419
890
701
226
174
177
513
1058
500
883
622
223
863
870
832
impossible
155
811
279
289
6
810
977
910
502
942
131
582
463
117
910
163
215
impossible
1005
486
864
366
24
574
549
248
408
impossible
571
53
21
218
79
930
106
34
375
258
695
226
49
impossible
507
879
361
impossible
134
329
941
24
181
997
101
739
978
792
355
545
145
486
569
457
433
853
202
412
impossible
628
39
94
1015
179
306
165
820
452
impossible
277
839
192
765
385
438
909
254
304
374
87
893
723
230
524
730
881
215
430
impossible
268
996
599
675
903
54
impossible
665
705
92
69
985
impossible
3
564
288
635
870
695
502
778
impossible
507
459
impossible
impossible
impossible
773
516
857
16
883
215
898
500
394
366
78
402
impossible
391
300
745
235
519
131
291
931
769
396
634
24
527
981
559
658
584
7
930
177
234
60
21
448
411
impossible
1042
impossible
838
815
901
579
1016
695
721
112
991
774
566
1025
35
208
impossible
918
486
972
572
28
994
195
753
641
809
921
23
impossible
92
462
124
965
209
338
538
825
impossible
35
145
41
494
54
135
775
644
218
400
434
495
546
805
131
97
287
332
106
399
92
718
22
565
694
729
374
669
907
883
158
169
45
993
993
550
7
920
898
impossible
779
546
698
863
644
659
607
173
131
695
822
550
700
407
326
68
475
396
157
528
322
952
impossible
539
22
722
854
impossible
977
996
92
873
impossible
450
525
969
589
994
1017
858
131
524
131
240
675
1058
1040
104
724
782
255
impossible
impossible
881
516
356
442
85
impossible
24
553
impossible
330
900
242
485
695
33
20
impossible
540
impossible
327
1015
799
269
impossible
impossible
impossible
599
350
187
727
1013
125
656
550
impossible
647
749
39
182
138
457
503
796
180
679
439
0
899
100
impossible
802
697
905
281
256
476
109
773
impossible
586
809
201
14
266
318
14
889
impossible
865
674
451
448
247
69
707
938
707
549
831
629
77
impossible
175
617
647
411
577
421
374
663
764
101
200
233
745
80
801
impossible
181
962
903
437
332
708
impossible
150
42
525
369
514
723
71
744
impossible
435
754
275
811
775
486
581
345
321
impossible
849
351
557
603
302
389
331
impossible
300
99
655
impossible
175
543
346
197
167
369
829
416
749
145
impossible
369
impossible
356
391
49
784
656
impossible
684
1005
397
773
374
117
1040
874
impossible
152
104
436
279
731
133
672
486
651
669
723
603
200
922
1017
1004
251
519
1053
98
308
761
277
340
240
1005
759
impossible
233
279
760
179
969
568
541
351
398
1023
536
78
772
109
323
879
396
534
977
1026
impossible
impossible
861
675
892
873
479
543
488
458
impossible
707
457
829
943
561
impossible
152
505
995
247
787
488
217
746
988
1029
633
366
860
925
465
625
810
220
999
896
877
159
impossible
327
897
853
729
impossible
551
impossible
233
1042
545
907
impossible
773
581
943
382
674
181
719
impossible
impossible
712
954
impossible
450
315
961
impossible
675
386
761
235
299
879
834
598
258
impossible
1040
37
