4877
2447
3020
423
3259
1389
252
3114
4133
635
411
1639
870
2028
1082
3958
2651
2653
2412
2097
3543
840
105
1627
137
564
863
2034
2736
1469
4837
1519
3774
3106
4299
277
2622
1558
2022
1819
867
4869
40
1544
1401
2208
2113
2131
528
745
1257
4066
227
576
4657
3659
1512
4601
1109
4101
1049
672
1250
4024
4349
3941
839
4421
1976
3487
1871
1987
3525
1859
2791
3326
3183
3172
1893
4883
4589
3577
531
3402
3559
3862
541
4468
908
358
369
3321
1407
2803
2844
4517
4375
3417
2376
2253
2350
3334
478
4067
2772
4828
1112
4871
1533
1072
2801
4432
2332
4021
4506
3429
2198
4228
3553
1100
463
1905
391
4010
1385
1028
3759
3991
3299
3727
3518
3961
2241
846
3836
4725
892
3518
2166
1381
3978
1306
3637
4579
1073
2373
325
1487
1149
4871
929
2671
1133
2904
3523
50
997
2276
1314
1654
4778
4928
2831
4445
3665
4671
3237
3136
2474
3515
2609
2102
3659
2214
2869
4163
1870
3541
1162
2797
4190
3530
97
562
3784
3682
4871
125
4045
4006
17
3693
459
3948
4095
1422
3555
35
1696
3833
3076
600
2881
2300
1988
3948
57
68
767
4244
3300
3437
3694
3923
3924
1411
1818
4406
1058
488
1205
224
2726
2375
4110
667
832
1667
3968
4649
57
2329
4050
3922
4146
1439
4443
2051
363
706
2552
1696
1852
2241
3931
2330
1513
4558
3266
2488
2633
3115
2054
781
2320
602
2993
1046
540
3476
717
4583
3534
2541
2581
3381
4777
2780
1674
2858
3757
2586
3292
4445
3848
1627
3361
4931
2086
2616
3509
81
1198
3009
1687
2925
3856
2537
2083
3766
2468
2461
3385
3509
4775
1475
3432
4435
1575
3770
3213
2674
3360
4763
3777
835
4127
3482
3482
912
3554
4353
1449
764
245
817
4682
795
1416
3704
2662
4727
646
2841
2897
3313
2750
1498
2431
4002
555
401
1383
1978
532
4468
3702
1276
308
312
3330
112
2755
3306
560
2918
1782
2139
3272
2663
186
2395
2180
57
865
2374
3120
1933
1468
3116
1507
2250
2287
1235
3363
1449
4219
1791
4391
2178
482
951
2441
3594
25
3793
4332
4906
225
1140
119
3723
4373
3779
3066
4098
2345
3387
4398
1152
2564
2472
119
288
3401
4209
1072
3643
3072
4781
3242
4637
3663
3741
288
2407
3047
186
30
2049
2240
3871
931
4550
2412
4354
4942
2
456
2583
4229
1487
2447
2815
2482
467
1870
3935
1646
4444
3923
4296
4357
2094
4370
1510
2749
2888
3421
3764
2355
4155
2924
2975
2495
3507
2453
77
1950
1458
4857
1000
2663
699
109
3653
4215
922
2321
1234
806
106
2844
1999
4238
2645
2198
3696
3610
572
2516
928
3949
1043
1854
848
3684
2775
1943
3099
1979
2003
3570
924
3940
2935
630
927
4512
4890
2774
1230
4043
3920
1988
2455
764
1258
2088
170
1416
1388
3390
1317
3823
1301
468
4157
1515
3702
3705
2345
4245
4775
2048
2339
4865
2163
3267
348
3386
2688
2370
1845
1297
1253
3327
4495
153
3042
950
602
703
600
1021
2154
3098
4709
2288
3402
1829
3111
3916
4886
2424
4814
1444
3896
3993
1280
4476
3111
1595
221
2764
720
3192
3163
3014
1901
167
945
4320
4155
3711
4828
3421
2045
4422
1660
4244
898
3938
4897
4367
120
4234
3678
258
1366
1688
3895
2634
1290
3291
3849
1260
1479
3673
3658
1829
3675
980
4649
4806
3447
531
745
3398
953
2701
1270
4752
1687
2246
1398
493
2336
4758
4125
4693
2790
1047
4383
1271
4694
4282
2241
3796
233
4071
2211
1478
3686
118
3341
4149
1175
814
4941
2307
477
2288
4796
3453
3621
4349
2239
2867
3200
990
4559
828
890
951
318
242
463
1939
2552
3777
4715
3079
4909
144
3713
2162
1593
53
4136
3417
3339
4213
3669
479
1704
4121
4777
2499
2035
4342
3914
795
4554
3205
3234
2953
4044
2592
1234
3410
3552
1126
4289
2042
2501
1462
4796
4785
2296
1107
894
1353
1051
81
316
768
3768
2508
2643
3665
945
2000
560
1659
4450
2685
2213
3093
3245
3850
3997
2125
3613
4494
289
4448
4862
3150
3741
1213
4259
546
1299
440
2884
3697
4082
743
4251
2841
4555
4007
3267
1130
1773
295
3506
2386
222
1522
2128
3195
4419
4387
2403
3732
2916
3460
3661
1893
651
1639
623
3448
4849
187
1809
2029
3516
766
505
2717
2919
2168
2676
4586
3740
313
3437
872
4515
3316
2994
223
4491
2816
2438
169
2553
4181
898
62
3803
1839
1935
526
423
2261
870
3109
1860
4386
3783
276
3357
3978
1385
1459
316
2944
2223
1472
1445
4923
4798
578
1181
4840
3481
538
2885
1846
1785
2912
4318
1065
3887
3655
1968
4552
4407
4593
3123
3310
1248
2484
1770
756
4421
757
3207
989
2075
4309
2005
4623
4198
2521
1051
1378
3600
1593
4198
4515
3336
4934
736
4397
1679
1353
1990
3118
390
465
3310
1318
1588
4503
1480
3701
3999
1587
4889
2146
3962
4310
2371
3981
3250
3722
1777
4562
3145
3841
4332
2863
4574
4440
3841
1124
4327
2352
724
3925
3338
3196
596
1120
82
3535
325
2429
1200
1677
3086
1292
3282
1
2770
1777
2155
2273
776
4139
1444
2358
1588
4308
686
2560
587
2093
3879
885
1522
3905
4321
1916
706
2292
2287
2647
1438
4255
1809
423
3747
996
1463
4674
526
2317
1871
449
48
3027
4182
1586
320
2012
191
3463
3248
763
2815
190
1750
2620
3628
2372
2529
244
4451
4469
1280
4780
2627
746
8
4480
4269
3979
1927
833
414
264
1260
998
3126
2355
4119
4393
136
4495
152
2997
3128
4807
3544
4624
1191
922
1216
2512
202
1933
4075
3019
981
3588
4286
4739
358
4121
4875
1577
2083
4806
4459
4506
459
4167
907
4471
2827
2124
3709
614
7
4115
2689
3110
138
2339
265
4836
1560
3793
2377
802
1746
1525
1462
1679
1165
2820
4148
3044
553
4164
3966
4268
1056
4275
4404
726
1830
3658
4815
4126
4128
3430
3474
1961
245
3258
3494
4928
3288
1613
74
3041
3669
4592
1519
4120
623
376
4040
2048
226
4210
2164
4353
1507
758
3052
2698
4215
2477
4228
1532
1342
4308
999
1162
3094
4902
3283
3022
3252
3275
53
2662
553
975
2515
308
446
4849
954
1460
2990
134
1534
373
4415
4854
1431
3844
4498
8
3118
3450
4541
2655
3360
190
410
1661
4877
3307
2797
361
612
2172
1640
2637
159
4147
194
2223
3138
1131
1151
2441
2599
3023
349
2658
128
3920
1462
176
3433
2320
828
3482
1209
4252
1804
3941
3482
3782
3606
4170
3610
3649
618
2219
1234
2278
3941
249
2455
2244
4567
4722
1430
441
2518
432
2766
1655
2205
3609
2700
3678
4139
341
2584
1314
2836
4558
4690
3478
2035
3542
430
2395
1538
3526
3687
2054
1411
951
2778
2662
1333
3954
3277
3890
1822
4623
2519
1100
4659
3771
221
374
263
3867
2219
3782
3116
1736
1567
2774
4086
2363
446
2903
2027
4357
4356
4597
3318
3687
1320
1700
2729
4573
4514
2588
420
2627
1000
2847
3291
471
429
2957
2661
1847
2772
1999
4317
2398
3723
821
2103
1343
2727
2725
1629
3406
78
144
2401
215
2980
1661
1841
1217
3788
204
4126
4157
2504
2657
2981
3923
2113
239
1387
3793
4491
4430
2461
672
1782
3435
3567
4683
4680
4266
1618
2188
2631
3975
4698
4306
2655
4210
3193
1178
4116
1076
349
2264
4503
4814
2733
2446
2386
2103
4253
977
4310
4300
4450
4220
733
2628
682
3289
4677
2579
4796
3951
3502
1748
3943
367
2537
2179
29
1554
4266
4596
1332
4430
1888
11
2978
1381
580
4651
2933
707
627
889
3503
2008
825
1100
789
1742
2097
3566
3661
4153
4852
751
2531
4540
2622
4021
3809
2690
1338
3220
2132
2953
3748
1475
3036
2650
1394
311
857
73
660
2296
1355
1731
3264
953
1710
3052
3458
3262
1987
2166
4443
4831
4478
1546
3158
4814
4006
650
4244
4922
2170
1673
3969
4206
4149
3761
2986
992
787
4201
1344
3135
404
2353
3509
3468
1514
2298
2011
4026
3669
78
1704
2416
2218
2706
3808
151
1572
4342
22
4614
1631
4269
2691
4498
3434
4125
1188
3230
1411
4015
168
738
4573
3985
1346
1879
2243
3510
349
4263
2428
2037
4782
338
1941
836
612
1233
436
1582
1225
2904
1804
3275
1412
2454
4529
81
1684
3428
105
755
1565
4462
3372
4410
3099
4871
4176
2733
4298
942
4653
1924
4563
4283
1850
864
511
4025
1873
990
1410
4183
4831
4283
284
617
2392
294
940
2459
4320
2661
4038
4445
2439
4698
169
2963
4593
4688
4678
1577
1336
908
3788
867
840
790
1638
2947
4268
828
3529
3694
3825
2579
4891
3098
296
3215
2619
3993
3137
3287
2014
2581
1423
3246
51
2664
2108
2949
3324
2404
3889
2404
4112
4897
3004
1493
2
215
2149
3258
1014
4429
2116
4633
196
2287
4773
3786
4806
2940
1524
1986
2004
4630
3682
1868
1024
2314
4498
3808
436
4010
4446
3313
3467
2353
2792
4159
4796
4445
932
1583
4022
1025
572
167
84
2320
3088
4159
103
4448
4543
1410
4322
3971
2028
1722
4154
2414
305
1797
3004
3889
4476
3329
3816
3019
2786
1265
1475
737
458
3277
3639
2519
3357
3953
1828
578
3022
4711
3109
1374
2074
2071
1798
2922
4155
1308
2141
435
531
1716
3870
1359
3669
1122
3793
2378
3046
4247
1651
939
3072
3572
1963
4747
3804
2295
1901
4821
4856
663
2894
3423
4226
2601
586
2049
1999
1052
1512
4278
4528
3559
2340
4038
292
4806
3352
4198
708
1219
1086
2358
3784
2520
4820
1952
3978
1589
713
3288
2583
655
3935
2230
162
2026
4169
1556
4866
3707
3425
1812
2935
3151
3373
1743
374
1559
1649
4447
4053
4554
1264
4307
2588
2609
3286
3461
1661
3687
4692
3824
4633
1068
1558
2494
2583
2323
1314
1316
98
2577
1270
35
198
2882
2110
1118
1430
1228
182
2373
1266
711
2832
3604
3575
2241
368
503
324
4466
4722
1059
4468
2637
4404
1007
3150
4434
4775
2191
1789
4649
3463
523
3708
948
2024
3545
4379
3357
2824
176
2506
1763
1668
4347
1804
475
2664
3985
869
2520
3448
4532
3431
2486
1333
2107
3602
882
3052
532
4195
1819
3825
1508
3400
2016
2135
2780
2041
2110
1360
3314
384
1847
4380
3385
1618
3059
1929
4046
3291
4430
2989
1967
248
2149
4673
509
388
2099
2961
999
3778
2658
2893
2444
811
2685
728
1727
3610
4765
50
1532
913
4644
1056
2412
2913
3837
2512
3218
737
477
1891
1103
3476
2137
4482
3190
741
2165
4727
2820
2472
930
3229
2097
99
3501
4736
610
3260
1651
4083
4204
2273
4177
1298
3076
65
3627
4110
4221
831
1827
2826
1999
3706
3707
1587
2256
2709
4567
3234
4392
4720
309
3257
2096
1508
3460
1934
1263
2612
275
127
285
4682
4817
1040
1875
3554
3324
3249
3363
4319
222
1968
1171
3965
3357
4664
286
2745
4514
3619
2925
4052
785
2304
1857
875
1469
1379
4302
3903
2197
1967
2743
1724
2313
2132
4428
2447
3782
2204
1716
3130
669
1108
1887
1060
4641
1785
2290
3114
2470
1333
1395
3770
3646
295
1425
4553
683
3156
1967
456
1589
1468
3030
3970
4055
112
4627
420
4629
3289
3797
893
2976
3287
3789
3786
1770
4815
1339
2839
1777
839
1261
3193
1820
1714
3240
2141
4517
3417
4655
3601
4862
28
3298
217
1727
1845
4618
830
296
4255
2045
4090
2759
2074
343
2972
3441
4471
3152
295
3587
4727
488
1442
2800
1926
3917
4484
3002
1599
2338
4630
934
2916
1815
338
4562
4490
2521
3530
917
846
2086
3430
4430
1847
1938
2446
3042
494
1514
2527
3590
1881
2703
2182
2867
3763
466
3373
2591
4943
498
2970
1927
2560
4501
4575
870
1502
628
664
823
1071
1199
3831
4566
476
120
3450
4447
3490
2054
4440
1502
2778
187
1486
1756
2085
2829
3575
2871
3692
4128
1873
3743
928
651
4068
1735
2547
3118
1921
374
3739
78
3309
4760
4016
2602
1748
1294
1418
789
2947
4439
2877
596
3510
2068
991
824
2535
761
4911
497
3706
1122
1127
2780
3120
4621
194
485
3999
4543
4808
2586
3966
1797
752
1574
2239
4589
3424
345
4660
3845
2397
4508
1574
4412
3254
260
153
3920
2409
4413
1386
4917
3426
4499
41
3586
1086
3809
1918
2568
1652
3997
3665
1548
1575
2658
399
2815
2709
4657
4335
2250
3285
1171
643
4187
3395
945
3354
835
4133
2167
578
2144
650
2761
2550
904
2607
946
1847
2141
3090
4707
1392
695
3863
1866
773
2188
987
3591
486
447
3432
3720
3135
2211
3735
1896
4722
3092
4564
2369
2277
3167
2997
4910
805
3239
294
2523
4911
4003
2647
1528
4931
4308
1999
1304
3524
3283
1076
2669
1709
766
316
2893
376
245
1561
4460
3413
2714
2775
2274
1308
1260
641
4449
4814
1583
32
893
2572
816
3651
2225
278
2683
4423
2885
4877
1535
2935
4850
1389
1956
1385
3702
2772
2380
3688
2931
2892
3108
939
1672
2030
3514
3845
3671
1392
2242
614
803
1486
4898
2486
4085
1175
4574
237
733
3237
4090
3555
741
3213
2335
1005
1557
3794
4176
2292
1157
2749
4630
60
3032
4859
2918
1544
4729
2790
695
2781
2769
512
4576
3240
3259
4151
457
3991
4132
2359
4920
3430
719
1679
4777
4576
572
2647
394
3847
3816
4717
1958
68
3179
804
2700
4646
4052
1410
1413
2490
3263
1460
3138
4682
4267
4244
3273
3723
3059
1042
3048
2815
1717
4604
1258
933
72
4747
1484
1710
478
4346
1491
4456
2093
301
2324
3219
4666
728
3346
4136
2014
2666
2139
2490
83
1252
3702
2081
4587
1387
4085
1818
641
3759
3786
667
4815
2899
4691
1957
666
3684
4479
1880
1266
2399
2794
1266
545
4294
2956
1443
11
1959
2513
835
3669
1056
4867
3907
924
754
1753
4850
237
1398
3324
2324
4460
4655
1071
3211
4132
1799
2685
961
2489
320
2274
1080
2485
92
1658
1205
3177
2609
3433
2
4703
874
2836
192
2415
4867
1933
1056
4698
1081
3621
2329
2890
4296
2560
4791
773
4538
3363
1800
3419
105
1522
2665
72
2647
3448
3187
4610
4289
1729
3258
937
905
1277
2656
1961
3949
3990
711
1931
2475
1460
3028
3848
2142
4832
4649
3848
2883
1727
1878
4877
1625
4540
1809
1087
1103
723
3087
4891
2847
4233
4441
3134
3093
4705
2589
3246
1853
1412
2575
875
4281
4757
2494
1297
1130
3309
3007
2429
4752
4552
4257
3940
4118
1789
4925
4922
917
1420
1609
2534
3642
2297
337
737
4750
4850
7
2454
3237
3940
2447
4656
2194
990
2635
2282
1972
1081
226
2727
1835
495
4732
3905
144
3523
2952
103
2738
3724
1515
4681
1423
361
1560
950
3684
1223
1945
3314
1052
2214
3408
1414
1968
277
2034
1235
2877
2297
1644
63
393
3308
3547
4159
3774
2781
4479
1583
2518
1192
4724
1094
4782
2007
578
3930
3827
2905
1154
1607
2507
4471
3775
1853
2324
1945
499
1358
4029
1373
4520
2523
93
1345
4626
1195
2487
4443
758
1304
2411
4272
844
4875
2403
4669
3535
2412
1569
4176
1268
3539
2322
533
787
4941
1441
1902
3831
1091
1428
1880
4623
2690
1466
1495
2360
1015
732
366
2069
1332
3694
2773
1871
3849
4433
4320
1034
4462
1080
566
2176
696
633
1945
3538
2683
2094
4928
49
737
3256
3104
2381
4822
480
465
1614
777
1024
3029
1799
1712
363
694
146
484
991
4922
2940
3850
3059
105
4406
4725
2048
1532
4330
1072
3188
320
3069
2618
312
4682
996
2048
2185
565
3869
3454
2811
1773
4128
4531
1565
4517
315
1779
2875
641
2165
908
2198
2256
4482
4827
1363
139
3476
2411
1239
3855
4796
3741
1921
4550
1583
4702
1086
1014
463
4684
1385
4917
158
2602
3721
4331
384
2531
415
441
1962
4706
919
2609
4471
2335
1776
4660
3539
862
4476
317
4576
2329
3700
4527
4836
4564
4674
1527
4911
2618
1157
2540
3045
2867
862
3207
1452
4780
800
3319
3024
965
3481
2077
3843
1282
2412
3347
3936
2846
1097
4857
2794
3176
1238
2443
3178
3708
1372
2507
1629
4682
2940
1423
286
4661
1703
270
4815
4194
4053
657
913
600
4398
1713
1533
1887
4111
2333
3076
1425
998
4393
4926
4690
3235
2845
1699
2802
4631
6
1514
1080
4201
4768
1522
1592
2372
1372
2148
2266
61
1115
4279
4562
3586
4066
4410
1403
30
1491
2441
3606
1475
3692
1172
3922
4152
1421
3354
3548
1988
1592
2335
3324
806
2647
2649
2250
1953
3351
4727
2189
736
4230
1663
31
248
713
1189
3529
3166
3297
3948
3908
2090
767
1182
2549
2549
4220
196
672
3460
2317
3101
790
1734
4635
277
2827
4282
1084
1615
349
3416
3232
3325
486
3778
656
4726
2769
253
2045
3905
3259
1789
3773
3673
666
2392
4230
1118
2373
112
339
3993
4040
3868
733
139
389
4647
4025
3434
4064
3032
779
1405
4317
1800
1073
2777
682
135
1172
1649
3283
735
1562
2550
1159
4278
4173
2977
2401
747
530
723
1707
4755
3215
4027
3825
1080
763
4002
753
39
3391
960
1731
1785
3191
4928
318
436
1779
1045
793
132
1758
1411
2801
2893
4806
1236
1536
4346
4084
3788
4280
1003
2632
1449
3978
2090
3496
1661
2541
3937
4746
1491
405
237
2425
1924
2535
1641
4707
2885
995
1534
2332
2564
3005
2164
1038
3168
2804
1514
2845
1133
2606
4661
3984
4719
1779
3241
3067
4212
3890
2902
2058
4116
4903
455
2413
1900
446
4112
2276
4407
4642
4497
3822
3069
4466
577
663
4190
839
1429
4370
1920
1306
2136
2239
662
602
4282
4084
4665
3588
3280
153
436
31
3291
4866
4859
4785
1677
4891
1385
3525
1491
1763
3195
3895
1431
609
4006
3513
646
228
580
1304
275
1508
4899
3786
2799
4212
2026
2351
2725
1257
3625
2317
78
3369
2089
4058
3137
2858
1677
2104
3264
1249
3140
1157
4540
775
2398
4457
3329
3690
874
601
467
3383
2296
298
4486
4338
1458
2832
4517
2391
3546
1036
3452
4631
1133
62
2829
4922
3201
2961
2692
2270
3799
3149
4407
4320
521
1469
244
2459
3665
2376
4735
4625
3092
3164
137
1210
1820
4849
4939
2800
503
1865
3994
396
55
4526
3634
3472
2884
2116
3883
2023
578
3984
1548
285
3859
306
2523
1385
462
3070
2662
3053
3267
2336
2298
3638
2100
2756
4615
4906
2589
3828
2589
3165
3570
4526
4677
2246
722
263
828
3583
1893
4293
1039
1206
3001
796
2321
2086
1342
690
4545
623
1043
3654
5
2565
2994
2097
784
2601
1161
3705
43
2193
3223
945
2216
2914
1159
3637
3853
4488
4919
1309
2564
491
1026
2535
1732
4707
4306
2366
2343
4241
1966
2401
4434
4347
2240
4688
737
293
81
604
2448
3936
3992
2143
1046
2975
2128
4526
3916
865
862
4478
2362
3899
3690
4477
3357
1801
2111
315
1763
1687
3280
62
4932
1738
4099
4573
3950
440
2206
3955
4724
3095
4800
4183
3393
4398
3846
2799
2585
3866
1162
4194
4146
3082
2666
1475
2611
3862
4889
1629
295
3616
2355
3001
1508
163
3852
416
2599
3701
1015
2592
29
4182
892
4748
2726
1179
1562
3673
2566
2292
3234
933
1933
1171
2054
3470
2488
4038
1819
1179
3502
1858
3524
301
3558
806
1618
2749
1904
1422
2568
2471
3858
3290
2851
318
3737
4394
4679
724
3639
2944
1719
575
1166
3456
70
2619
4468
3634
669
469
3888
255
4811
2723
694
1511
1448
1441
4521
4633
3127
2475
2724
2815
4162
479
3783
1030
3969
4854
3687
2719
1006
1841
3698
3920
1884
1159
667
3974
870
1686
2223
3252
3400
1524
509
3222
3445
553
2293
102
3386
2912
4077
4725
2899
1381
4804
4071
497
3027
2607
4519
2772
143
797
1261
2913
4310
3118
3248
1853
143
630
4765
1290
3988
1776
3101
3935
1578
4431
622
3418
357
4224
4195
4138
656
2331
1672
1859
847
4608
4004
2461
482
801
2296
3046
2662
1465
459
4310
877
4177
1633
1950
1133
990
2586
1223
4529
3989
1719
2573
4650
1779
4406
4085
4562
3246
1682
2592
3928
1537
783
2134
2336
1466
760
1218
4718
1805
990
2387
3056
3994
3071
3799
3825
663
3283
1929
1650
4860
523
2991
3882
518
4136
442
4646
3433
4658
3998
3215
999
2990
1228
335
806
2535
713
192
2354
2599
363
3507
4376
4121
4095
2342
875
2817
3083
81
1210
3681
4215
2487
3372
701
821
1815
4151
2294
891
1644
545
678
4602
4228
4045
2635
1519
2953
3639
3365
711
2789
3341
3543
4315
447
4306
2800
4006
1538
4635
1123
3065
2297
1626
4923
3392
2089
913
3186
449
3476
3248
650
3150
4850
2897
1914
4562
3911
2160
739
4188
2337
2684
1434
1128
474
518
2535
72
2607
1358
4782
125
4028
2518
575
1868
4135
3357
109
1060
3350
2217
1489
2899
4008
1438
2097
4572
1915
1397
4607
288
3393
4419
2129
1850
4616
3922
3062
4719
2392
4917
3931
4300
881
435
847
3908
4089
4838
2130
3152
646
2021
1495
449
751
1930
4410
2166
2658
3074
2668
619
4067
423
391
4440
3241
3735
1334
4446
1952
3206
3077
617
4177
513
2189
799
2254
2145
3060
3102
4875
1554
1570
4294
4825
94
2873
4303
4198
833
2921
3485
3715
3752
4179
3577
463
2593
1304
1982
3883
1080
3186
4156
4700
1178
949
4650
1001
3906
1213
1177
531
3543
624
3658
2869
2434
2960
621
975
46
2240
748
2154
3314
2892
2720
787
1695
2760
3714
939
2676
831
1504
4318
1818
4140
563
621
852
2523
2217
3770
4068
1245
1436
3342
2367
1274
2269
1529
479
1052
4159
2889
2726
2891
1110
1840
2356
1770
1560
3573
3889
4859
2067
1799
4909
2139
55
3127
450
737
4901
1924
4142
4092
4674
1673
4576
4878
2023
3475
2429
4302
4525
4417
1880
4678
196
2297
1067
4307
4209
4093
4483
2347
4244
810
1585
2685
2695
2267
351
4915
2228
2403
4656
3981
3349
3969
431
3266
1878
4305
3327
695
4237
2978
1261
4814
3037
3632
3330
4084
1988
1569
2200
2579
2495
4165
4272
4321
1249
1086
3681
105
3826
77
4538
4468
4124
343
4103
355
2956
4085
3713
4367
1827
2580
999
2934
64
4701
4221
2296
3383
3722
3320
3433
1822
2352
199
206
1630
999
4468
1298
4272
2003
3971
4326
145
1547
2544
3557
113
483
697
810
2317
1058
1340
1091
4243
690
176
1757
4026
511
4233
2025
803
4500
4941
1731
405
651
288
4756
4700
2437
595
366
2477
2568
1870
4726
2683
1941
776
4325
110
4037
1215
166
2728
4872
4826
2608
1072
2526
3283
1782
3266
32
4422
4104
2990
186
3837
2588
468
4445
2173
4816
442
4007
4760
3762
3758
2410
466
4078
1583
3019
3138
2202
2075
1352
3405
221
2266
4362
1818
3094
1383
4683
4683
395
3347
177
2309
171
3809
2774
3919
769
1775
3709
4386
479
1034
4143
4267
3194
2086
1740
4768
2150
553
2311
545
4116
3325
4334
2375
2340
1454
57
2338
3907
4915
1349
3971
3641
3232
3535
2550
1231
330
3907
1257
3278
839
2251
2525
3235
4067
624
317
873
4678
2755
2539
2248
1557
2495
1651
3508
175
447
2726
3519
4033
3123
3294
2521
1548
3014
4934
3018
1979
2187
2961
1541
2785
3982
4053
973
3695
4448
2851
2969
2726
1595
3460
4445
128
4737
3001
533
2363
162
777
4517
602
654
672
3041
2022
2981
187
1192
3335
3118
1999
3542
2731
4306
3740
3984
1001
3448
321
4054
261
315
1738
3952
4648
2434
1505
4290
3700
4054
3086
3928
4619
2464
2986
1478
3640
4844
3557
1468
1975
2504
501
4623
196
9
4142
1161
3220
2798
2155
3116
4394
666
541
2984
1868
3207
158
4527
3209
924
1646
248
3385
1599
1071
3774
2786
1486
427
4230
222
2851
560
4034
2663
654
3623
2978
988
3172
1472
1046
3946
356
267
1420
986
1107
485
3118
1300
297
2726
774
1205
3070
1471
3534
4842
