380
1260
205
152
1526
294
698
730
1437
342
829
impossible
943
1071
impossible
1617
66
3
13
impossible
impossible
1473
1490
1138
1784
1888
227
715
impossible
1382
1456
impossible
1778
1032
568
1933
impossible
579
1502
1805
impossible
1707
1221
1452
1448
668
1711
1133
535
549
1706
1152
1669
1055
1848
1669
impossible
1001
impossible
562
1400
403
1519
impossible
1450
1581
impossible
670
1054
742
4
1352
186
498
1
1246
1415
1505
733
1739
1595
1385
96
843
680
impossible
677
455
284
78
365
647
1588
impossible
134
932
823
106
1924
1848
539
impossible
350
876
1370
757
981
242
1094
1641
451
805
601
1193
1742
1528
990
1684
67
impossible
1521
1174
980
1591
433
904
485
95
1907
1425
320
829
41
1648
586
483
impossible
907
420
882
1888
437
336
274
632
306
526
395
1011
51
impossible
704
1152
28
224
498
impossible
570
1953
411
772
1212
1614
impossible
1515
1946
1118
60
683
440
impossible
1276
769
374
302
impossible
738
1886
1403
1808
736
1497
1422
13
1803
1766
730
289
1673
impossible
1244
764
1197
430
1849
1456
885
752
1431
680
1249
impossible
1378
1409
1858
642
728
409
520
1050
26
1894
1953
15
325
224
1222
1282
600
1124
impossible
751
1198
21
941
1936
impossible
532
682
823
1890
429
1517
1620
349
1774
1687
1175
1750
1156
1188
1082
1891
impossible
impossible
224
1847
178
impossible
254
240
1489
512
346
impossible
impossible
1273
1003
1946
242
1008
527
1104
1409
impossible
388
1238
impossible
1422
impossible
1396
1679
299
1137
457
537
822
386
1013
impossible
1651
270
922
1930
144
1467
1807
480
impossible
402
impossible
811
1897
1495
impossible
660
1355
1399
166
impossible
1654
1977
746
779
187
305
impossible
648
504
1059
428
182
impossible
1223
1282
1618
193
682
16
670
333
621
107
392
1393
670
1865
961
1462
1886
1207
1825
impossible
impossible
1937
1497
1545
722
1613
impossible
40
909
43
1429
606
1055
287
1121
1121
1011
979
1512
49
1428
1938
1806
828
impossible
950
1834
396
207
431
479
1703
1684
1253
impossible
102
546
1030
320
1096
154
1094
199
1665
457
1891
1523
1178
1207
1000
1966
1150
1928
1579
1620
904
1733
722
876
273
131
1094
341
278
1733
impossible
1220
778
impossible
352
1821
impossible
513
1058
1895
847
1414
1186
1558
1345
970
1145
1820
impossible
1123
impossible
impossible
919
1355
1224
1692
368
204
659
1129
896
1585
713
1006
358
1855
1019
1336
1849
1674
1335
779
166
1483
1658
189
1442
445
1516
1034
1775
657
impossible
1431
1620
526
1614
1452
1663
574
1927
1385
1744
1122
615
1226
1848
1193
1819
1242
539
1449
780
751
355
1676
impossible
1783
29
1440
321
5
1593
198
1703
797
impossible
impossible
1764
929
impossible
1769
1197
1078
1796
1618
362
1121
1858
1764
697
606
1349
1878
1249
1766
1809
794
472
318
1731
885
impossible
517
impossible
549
686
187
504
1148
982
183
1476
376
267
impossible
198
1068
1818
1040
613
1141
impossible
1866
72
438
495
1133
1706
1741
1122
738
392
399
197
impossible
562
795
574
506
impossible
757
1105
impossible
1006
1618
965
1462
impossible
impossible
975
235
1862
1500
1959
1695
impossible
1615
1244
129
1177
1736
864
1038
1807
impossible
1633
900
377
799
1794
1823
impossible
1639
736
698
248
647
1606
1581
impossible
695
1369
impossible
843
344
660
263
1132
135
1203
172
955
251
impossible
623
537
592
1397
1784
impossible
899
1884
603
822
1639
24
6
22
433
412
889
222
454
1866
389
164
1698
1305
1072
205
1373
1627
902
737
1186
1220
1309
50
1088
240
805
impossible
1545
959
1903
168
1364
1279
306
143
201
227
960
103
1641
891
impossible
1634
77
1001
600
1977
997
1865
979
119
impossible
371
1848
1773
207
1583
1536
749
787
504
1125
437
1396
1060
574
1792
1413
120
1212
601
720
801
1269
1737
949
1460
150
impossible
1842
1087
impossible
107
294
823
1341
897
1831
1150
583
1905
1884
1958
1730
1722
523
933
906
993
1375
1951
1497
442
1130
1728
impossible
1028
352
770
1323
495
715
impossible
1848
1717
418
28
420
1178
1637
1826
1631
1834
1034
impossible
1227
1684
1935
952
1748
1741
446
1019
1201
1515
419
968
1579
878
impossible
66
459
1240
1646
1774
impossible
1218
766
922
815
1134
281
589
1096
1657
22
1511
1178
1728
1010
472
1562
437
895
150
1966
283
1684
903
1926
219
908
impossible
1774
223
371
1946
713
42
1194
674
931
1523
1413
1130
1293
322
1030
658
739
1975
1463
412
362
1409
103
1380
1304
526
1456
impossible
impossible
1362
1107
1793
7
919
1516
563
1579
1032
1431
1495
225
300
impossible
1516
1085
742
1121
1884
974
898
395
1877
919
63
1116
29
909
impossible
1894
352
impossible
1972
809
491
impossible
impossible
1911
1471
749
1872
1534
1181
1356
impossible
520
1262
1710
702
1880
866
1810
impossible
1227
1923
1509
213
1543
1380
1137
203
1014
1845
450
impossible
1818
1308
1527
580
277
1744
impossible
381
219
224
1007
411
1769
75
1496
1956
125
1676
605
1168
1091
1269
1583
772
impossible
1756
1084
1097
776
374
1
382
503
192
663
1430
818
1436
1690
1333
535
656
679
572
1339
1022
impossible
1813
55
476
1153
1845
702
impossible
252
899
1309
impossible
1324
1570
570
impossible
1435
182
1091
674
512
557
501
1569
1441
343
1456
660
711
471
53
287
impossible
1094
1219
1517
395
1796
1437
1572
1042
103
1122
575
impossible
322
967
1100
impossible
56
1214
611
823
impossible
545
impossible
impossible
826
1287
impossible
1352
632
1681
491
1091
197
impossible
1646
364
impossible
752
impossible
1082
204
881
430
680
impossible
313
58
307
623
1135
1510
impossible
751
319
155
1367
457
356
1876
1748
1281
762
125
28
1778
1877
1721
267
impossible
impossible
483
15
365
1692
1452
873
1190
841
363
1823
15
563
279
464
1509
921
285
644
1722
160
200
1254
1686
342
impossible
622
116
1008
1741
547
607
1261
1937
690
1596
679
impossible
261
504
854
566
658
922
274
806
1671
1654
293
1340
464
1467
1497
908
1974
1732
impossible
1980
impossible
1669
1310
1906
1162
1569
823
1899
1168
1884
1139
1
67
455
200
889
1007
1183
147
1
impossible
207
150
1675
975
692
1696
1657
1145
1059
impossible
1207
780
186
1454
1024
1232
1751
375
1770
1460
1244
1607
1615
1167
1639
1387
impossible
343
1692
1783
333
1353
1579
1841
1680
172
951
1718
263
372
1729
933
1185
283
1953
1306
1930
impossible
1556
1429
1817
1133
1711
32
1213
1106
impossible
1388
1529
1962
816
200
1686
1048
255
1856
1899
1508
514
430
impossible
956
286
1713
1936
1674
1572
1591
608
1565
436
1715
1158
6
impossible
601
770
impossible
1041
1255
204
5
1419
1238
519
750
395
1517
1817
28
654
52
917
58
1331
764
1888
483
33
863
1310
876
704
453
1084
1131
1252
1528
1800
impossible
171
913
1461
1711
1570
591
469
405
563
234
1520
761
204
1907
1961
142
1436
622
198
1073
1891
impossible
impossible
1928
impossible
59
634
826
235
620
1199
602
673
1740
1011
176
1090
1817
827
851
685
1211
1380
358
383
1362
1330
250
1093
46
919
224
1685
1923
913
118
103
1551
1430
1303
1226
1854
1901
87
1569
1550
299
593
440
1435
464
1604
688
694
306
impossible
1847
102
1447
138
impossible
814
581
980
1348
1337
1775
66
1525
1389
45
impossible
896
1509
1713
1374
1920
780
542
1083
1775
1631
1864
1236
109
866
1014
262
1192
423
1500
621
102
1383
206
1543
1416
1980
768
1634
969
1029
1885
686
154
10
182
impossible
802
1864
887
218
1537
impossible
1800
272
1966
1340
1486
impossible
1751
395
265
185
776
1313
503
1409
impossible
impossible
469
1369
1221
956
597
1843
103
88
670
1497
570
1784
407
1684
758
626
17
1492
1788
886
1431
1274
1749
555
1959
1307
904
112
impossible
976
impossible
855
impossible
impossible
1539
471
932
1741
95
532
1886
1340
879
1398
962
348
444
1091
1422
impossible
607
619
72
457
876
1525
1795
223
1426
708
755
425
166
262
1170
18
1491
impossible
55
1821
308
1656
531
impossible
864
399
141
1223
1474
193
729
1834
1084
impossible
1651
912
875
1728
867
683
1075
93
649
8
1383
258
impossible
1045
1676
impossible
1957
811
impossible
impossible
1556
impossible
769
1320
1427
372
1262
1145
72
1125
97
485
1271
863
784
573
674
impossible
1977
603
1534
impossible
1
633
1277
982
1268
876
295
1181
1874
1736
342
1500
24
1401
1643
1726
680
1809
impossible
1605
122
1359
impossible
impossible
694
1800
1193
1268
1853
376
1320
708
1750
742
158
64
1525
446
1620
101
1676
1777
impossible
621
1001
1048
300
527
465
impossible
977
329
1487
1282
1928
86
1705
524
757
441
448
97
1122
1177
435
1803
1935
1570
758
1828
impossible
373
187
1455
888
impossible
1178
776
883
1564
1420
523
1218
456
1721
1829
411
1500
506
impossible
impossible
1032
221
impossible
972
1383
488
689
1089
542
347
453
363
1070
1006
908
371
1821
1373
1817
1269
impossible
1774
1001
256
407
1954
896
1446
1100
289
1661
690
1309
542
711
1545
851
416
1661
1584
impossible
673
1577
1680
112
146
63
1853
63
1263
495
333
impossible
1249
1692
453
1823
1733
863
1248
1253
589
96
677
591
469
441
1953
1731
impossible
54
371
78
1127
931
impossible
753
954
424
impossible
952
145
1
297
1157
1811
28
818
28
299
1606
impossible
impossible
62
407
1312
515
impossible
