123
241
impossible
204
impossible
261
41
impossible
10
impossible
221
135
impossible
7
171
266
3
212
245
201
impossible
impossible
140
73
187
53
113
45
2
86
135
172
218
86
43
60
impossible
263
109
186
163
221
246
impossible
246
145
218
28
167
59
8
241
142
233
impossible
14
76
119
67
255
impossible
201
157
209
43
137
160
21
138
124
134
impossible
77
impossible
129
206
85
204
270
199
123
65
impossible
251
91
105
268
203
132
95
17
impossible
48
145
48
164
173
78
impossible
263
impossible
108
91
152
68
54
101
1
38
103
116
impossible
impossible
59
135
28
191
53
218
93
17
impossible
157
172
162
126
79
233
34
221
178
192
190
50
182
127
221
196
19
126
193
19
251
259
186
impossible
128
impossible
183
174
218
134
101
209
48
111
237
228
19
154
247
151
107
117
82
impossible
245
97
171
140
203
177
40
impossible
158
138
192
224
194
169
276
170
166
impossible
224
172
226
265
103
impossible
190
274
146
115
75
2
impossible
35
140
85
impossible
183
impossible
109
97
128
19
222
19
40
233
87
83
impossible
186
85
73
113
135
42
20
impossible
106
127
191
163
3
114
128
177
impossible
188
21
181
impossible
59
101
81
215
138
173
impossible
140
199
impossible
21
237
251
207
128
99
168
247
201
94
114
144
144
145
270
232
94
99
34
235
26
232
impossible
impossible
impossible
123
246
10
119
14
26
impossible
165
129
impossible
251
156
impossible
impossible
139
246
194
145
147
69
114
68
70
188
123
impossible
158
132
55
177
264
230
112
61
152
208
176
37
165
245
20
260
73
114
42
246
76
138
3
147
63
151
147
152
178
215
59
218
114
78
196
135
160
138
152
impossible
260
19
246
233
193
113
165
124
257
189
145
impossible
158
203
233
210
191
7
133
152
119
118
234
3
32
108
206
48
217
203
266
255
223
16
107
75
221
157
129
257
15
124
249
112
7
191
114
260
176
20
23
114
19
105
impossible
110
107
20
149
impossible
196
165
3
140
102
273
impossible
69
impossible
230
48
84
263
193
157
127
215
243
91
111
152
127
impossible
116
198
229
211
201
impossible
127
impossible
impossible
140
98
271
impossible
115
255
148
26
40
147
94
34
36
impossible
impossible
126
210
63
79
26
196
257
265
19
276
94
196
131
201
impossible
191
106
229
42
impossible
12
159
212
230
183
98
203
207
165
6
264
40
16
impossible
191
impossible
140
100
229
226
260
66
203
36
7
158
246
190
114
67
impossible
impossible
243
148
150
1
158
91
impossible
107
impossible
17
178
203
116
34
174
212
41
73
35
73
212
69
impossible
91
252
211
270
impossible
10
146
67
246
184
116
45
171
224
76
147
10
181
224
61
205
132
188
198
210
103
134
43
impossible
183
10
222
3
99
266
270
192
75
241
177
218
impossible
109
29
192
245
180
188
198
257
29
impossible
impossible
186
120
251
2
142
18
119
75
114
103
150
190
3
210
112
34
201
275
159
203
164
impossible
117
199
108
18
39
264
impossible
176
173
202
164
193
137
impossible
176
7
123
167
impossible
25
2
impossible
45
261
impossible
95
impossible
28
impossible
38
79
67
impossible
265
140
270
184
232
218
134
44
58
246
222
243
135
impossible
103
114
271
135
228
192
109
253
164
95
110
200
impossible
3
89
232
8
16
1
63
68
243
75
113
196
6
164
198
94
94
256
201
185
243
43
20
191
259
181
123
impossible
215
178
49
25
150
273
124
6
103
67
142
243
impossible
135
impossible
impossible
4
105
33
273
6
126
129
110
179
impossible
10
232
241
140
211
270
216
34
251
163
95
221
139
160
84
145
110
28
142
225
impossible
132
43
249
227
255
45
152
189
246
136
91
221
110
1
235
261
164
60
246
4
33
105
192
243
74
196
128
134
56
impossible
207
235
191
203
114
impossible
95
94
145
impossible
121
131
122
271
233
157
129
48
158
17
impossible
20
35
impossible
228
99
7
68
97
109
86
31
222
268
190
66
171
167
84
impossible
impossible
43
45
221
84
113
152
impossible
192
215
257
168
7
124
12
260
110
101
100
163
73
99
21
241
3
91
67
230
78
78
100
128
107
240
263
181
164
3
impossible
89
147
234
61
67
163
129
6
43
264
48
210
211
264
144
82
157
142
impossible
247
impossible
90
77
60
51
43
149
49
207
17
90
181
109
255
66
26
35
107
18
99
168
159
51
173
145
195
166
201
73
255
272
3
153
249
111
140
247
135
228
224
273
200
218
impossible
68
126
75
94
125
200
94
102
234
145
20
122
53
193
116
173
221
273
270
179
79
206
66
225
229
94
47
181
1
31
260
206
198
260
101
98
226
222
125
95
158
73
190
11
83
158
101
114
171
111
12
237
25
impossible
4
122
107
53
49
20
263
258
172
167
218
impossible
68
193
226
11
150
188
31
129
138
20
263
194
175
12
264
94
3
184
impossible
205
270
211
108
171
142
88
111
31
230
198
253
28
243
121
174
218
249
79
127
8
19
43
69
21
126
232
135
203
53
206
174
101
170
42
163
170
129
270
230
84
152
41
43
61
68
149
172
99
26
13
212
202
impossible
168
23
174
68
impossible
221
200
76
56
63
impossible
21
167
49
165
191
119
135
55
234
261
163
59
102
228
140
122
6
270
129
40
impossible
34
177
26
163
68
124
17
230
142
230
89
137
137
188
60
52
55
53
207
221
151
101
240
131
231
206
145
245
113
273
48
140
184
58
174
176
151
70
145
210
128
136
impossible
impossible
34
164
116
184
impossible
impossible
85
impossible
266
183
270
124
79
37
126
223
177
173
58
122
203
173
102
129
2
176
171
160
189
202
impossible
206
215
201
226
44
58
44
158
148
impossible
212
145
87
152
153
43
164
4
171
33
58
60
3
114
110
188
156
26
129
139
impossible
42
230
270
228
191
183
impossible
22
232
186
11
2
impossible
68
109
163
102
6
102
89
impossible
151
168
impossible
4
impossible
142
177
129
123
264
73
77
65
84
91
262
119
232
167
98
207
115
207
impossible
134
109
79
94
225
264
175
impossible
163
117
impossible
122
